9
1 -12.055051451296064 -77.08449459016606
2 -12.055555151396128 -77.08564566971647
3 -12.058312408001928 -77.08116600022888
4 -12.059015687329483 -77.08295608027856
5 -12.059110379285071 -77.0808763977499
6 -12.0554673851845 -77.08220134482116
7 -12.056152997759636 -77.0861237645264
8 -12.055761307905982 -77.08601131801998
9 -12.056597915542465 -77.08606500022886
1 0 1 1 0 0 0 1 0 1 0 0 0 0
0 0 0 1 1 0 0 0 1 0 1 0 0 0
1 1 0 0 0 0 1 0 0 0 0 0 0 0
0 1 1 0 0 0 0 0 0 0 0 0 0 0
0 0 0 0 1 1 0 0 0 0 0 0 0 0
0 0 0 0 0 1 1 0 0 0 0 0 0 0
0 0 0 0 0 0 0 1 1 0 0 1 1 0
0 0 0 0 0 0 0 0 0 0 1 1 0 1
0 0 0 0 0 0 0 0 0 1 0 0 1 1